20
  7  11
 18  11
 12   5
  9   5
  5   9
  1   1
 12   1
  5   4
 16  19
  3  13
  9  14
 12   4
  4  11
  3   3
  2   2
  5  17
  5  20
 17  11
 10   3
  4  17
 13   4
  4  18
  3   4
  8  15
 13   5
 15   7
 19  20
 19  18
  5   1
 19  11
  9  10
  7  15
  7   1
  9  13
  3  12
  2  13
  4  10
 10  11
  9   1
 10  17
 13  15
  9   6
  6   5
  8  17
  6   9
 14   6
  5  10
  4  12
 12  16
 18   2
  5  11
 15  16
 17  13
  4  15
 11   3
 11  13
 18  20
  8  12
  5   6
  2   6
 14  18
 13  14
 11   7
 11  20
 11  14
 13  10
 15  17
  6  15
 18  10
 14  11
  3   1
  8  10
 12  14
  6  14
 14  10
 11   9
  9  19
 15   2
 19   6
 15  13
  6   2
  8   7
  9   9
 10   7
 14  20
 14   8